（１）ﾈｯﾄﾜｰｸｱﾄﾞﾚｽ：192,168,0,0
　　　ﾎｽﾄ：192,168,0,1 ～　192,168,0,254
	ﾌﾞﾛｰﾄﾞｷｬｽﾄｱﾄﾞﾚｽ：192,168,0,255
	IPｱﾄﾞﾚｽｸﾗｽ:C

（２）ﾈｯﾄﾜｰｸｱﾄﾞﾚｽ：192,168,0,0
　　　ﾎｽﾄ：192,168,0,1　～　192,168,255,254
	ﾌﾞﾛｰﾄﾞｷｬｽﾄｱﾄﾞﾚｽ：192,168,255,255
	IPｱﾄﾞﾚｽｸﾗｽ:C

（３）ﾈｯﾄﾜｰｸｱﾄﾞﾚｽ：128,0,0,0
　　　ﾎｽﾄ：128,0,0,1 ～　223,255,255,254
	ﾌﾞﾛｰﾄﾞｷｬｽﾄｱﾄﾞﾚｽ：223,255,255,255
	IPｱﾄﾞﾚｽｸﾗｽ:B

（４）ﾈｯﾄﾜｰｸｱﾄﾞﾚｽ：172,16,0,0
　　　ﾎｽﾄ：172,16,0,1 ～　172,16,0,2
	ﾌﾞﾛｰﾄﾞｷｬｽﾄｱﾄﾞﾚｽ：172,16,0,3
	IPｱﾄﾞﾚｽｸﾗｽ:B

（５）ﾈｯﾄﾜｰｸｱﾄﾞﾚｽ：172,16,0,0
　　　ﾎｽﾄ：172,16,0,1 ～　172,16,15,254
	ﾌﾞﾛｰﾄﾞｷｬｽﾄｱﾄﾞﾚｽ：172,16,15,255
	IPｱﾄﾞﾚｽｸﾗｽ:B